7.800000000000000000e+01 6.200000000000000000e+01
8.000000000000000000e+01 6.400000000000000000e+01
8.200000000000000000e+01 6.400000000000000000e+01
8.400000000000000000e+01 6.400000000000000000e+01
8.600000000000000000e+01 6.600000000000000000e+01
8.400000000000000000e+01 6.800000000000000000e+01
8.200000000000000000e+01 7.000000000000000000e+01
8.200000000000000000e+01 7.200000000000000000e+01
8.400000000000000000e+01 7.000000000000000000e+01
8.600000000000000000e+01 7.000000000000000000e+01
8.400000000000000000e+01 7.200000000000000000e+01
8.200000000000000000e+01 7.400000000000000000e+01
8.000000000000000000e+01 7.600000000000000000e+01
8.000000000000000000e+01 7.800000000000000000e+01
8.000000000000000000e+01 8.000000000000000000e+01
7.800000000000000000e+01 8.200000000000000000e+01
8.000000000000000000e+01 8.200000000000000000e+01
7.800000000000000000e+01 8.000000000000000000e+01
8.000000000000000000e+01 8.200000000000000000e+01
7.800000000000000000e+01 8.000000000000000000e+01
8.000000000000000000e+01 8.200000000000000000e+01
7.800000000000000000e+01 8.000000000000000000e+01
8.000000000000000000e+01 8.200000000000000000e+01
7.800000000000000000e+01 8.000000000000000000e+01
8.000000000000000000e+01 8.200000000000000000e+01
7.800000000000000000e+01 8.000000000000000000e+01
8.000000000000000000e+01 8.200000000000000000e+01
7.800000000000000000e+01 8.000000000000000000e+01
8.000000000000000000e+01 8.200000000000000000e+01
7.800000000000000000e+01 8.000000000000000000e+01
8.000000000000000000e+01 8.200000000000000000e+01
7.800000000000000000e+01 8.000000000000000000e+01
8.000000000000000000e+01 8.200000000000000000e+01
7.800000000000000000e+01 8.000000000000000000e+01
8.000000000000000000e+01 8.200000000000000000e+01
7.800000000000000000e+01 8.000000000000000000e+01
8.000000000000000000e+01 8.200000000000000000e+01
7.800000000000000000e+01 8.000000000000000000e+01
8.000000000000000000e+01 8.200000000000000000e+01
7.800000000000000000e+01 8.000000000000000000e+01
8.000000000000000000e+01 8.200000000000000000e+01
7.800000000000000000e+01 8.000000000000000000e+01
8.000000000000000000e+01 8.200000000000000000e+01
7.800000000000000000e+01 8.000000000000000000e+01
8.000000000000000000e+01 8.200000000000000000e+01
7.800000000000000000e+01 8.000000000000000000e+01
8.000000000000000000e+01 8.200000000000000000e+01
7.800000000000000000e+01 8.000000000000000000e+01
8.000000000000000000e+01 8.200000000000000000e+01
7.800000000000000000e+01 8.000000000000000000e+01
