1.800000000000000000e+01 8.000000000000000000e+01
1.600000000000000000e+01 7.800000000000000000e+01
1.600000000000000000e+01 7.600000000000000000e+01
1.400000000000000000e+01 7.800000000000000000e+01
1.400000000000000000e+01 7.600000000000000000e+01
1.200000000000000000e+01 7.400000000000000000e+01
1.000000000000000000e+01 7.200000000000000000e+01
1.200000000000000000e+01 7.200000000000000000e+01
1.000000000000000000e+01 7.000000000000000000e+01
8.000000000000000000e+00 6.800000000000000000e+01
6.000000000000000000e+00 7.000000000000000000e+01
4.000000000000000000e+00 6.800000000000000000e+01
2.000000000000000000e+00 6.600000000000000000e+01
2.000000000000000000e+00 6.600000000000000000e+01
2.000000000000000000e+00 6.600000000000000000e+01
2.000000000000000000e+00 6.600000000000000000e+01
2.000000000000000000e+00 6.600000000000000000e+01
2.000000000000000000e+00 6.800000000000000000e+01
2.000000000000000000e+00 6.800000000000000000e+01
4.000000000000000000e+00 6.600000000000000000e+01
2.000000000000000000e+00 6.400000000000000000e+01
4.000000000000000000e+00 6.200000000000000000e+01
6.000000000000000000e+00 6.200000000000000000e+01
4.000000000000000000e+00 6.000000000000000000e+01
6.000000000000000000e+00 6.200000000000000000e+01
6.000000000000000000e+00 6.000000000000000000e+01
4.000000000000000000e+00 5.800000000000000000e+01
2.000000000000000000e+00 5.600000000000000000e+01
2.000000000000000000e+00 5.600000000000000000e+01
